100004612231656
100003971373997
100002955045783
100005900223504
100004400436777
100006473556756
100006010440483
100006003377903
100009323166367
100001607390648
100009613994350
100006784653250
100002645295288
100003505173738
100005686572616
100009336808635
100001061829088
100001188343613
100009329942715
100004125605138
100007646773059
100008855629426
100003808927047
100009288340471
100002138291401
100005779241775
100007492808921
100005357440881
6805742
100003661711415
100009536786027
100009495124247
100006525810333
100009213342755
100006052869350
100006290802372
100007678398089
100009471098882
100004642129266
100009579704936
100004146616310
100006916295283
100008186715541
100006789031281
100008606436501
100002895562004
100002977069740
100001787454168
100002884831655
100009866583670
100006393017766
100007405863085
100009385420603
100009691920907
100004090806378
100002496614346
100005512232162
100005103670214
100009202372217
100009316706873
100007873660451
100009600816825
100008464571759
100002628686746
100009489144944
100006125132112
100004931175189
100004925389343
100002767749507
100005221425189
100003712072614
100002246929790
100009311499898
100007018933002
100007101781935
100008802764096
100002258277724
100008082975923
100006441882138
100009000461964
100002221322927
100005883452534
100003781646136
100009407196120
100004122635369
100008177147036
100002181463450
100002790543827
100008737350981
100004872183394
100009111866221
100002339805093
100008620294595
100003373350183
100002632876578
100007777246091
100008499973843
100007343791875
100005397003253
100008694287470
100009745568130
100003257865065
100006399317327
100006759994886
100003303808156
100003691890141
100004813937435
100005499106378
100007858426601
100007696367359
100001031608767
100004948961884
100002325313826
100006015936789
100003610208055
100004320826795
100001634256840
100003340886362
100007061559171
100002781697911
100006595990370
100008162642121
100004421077206
100003480116623
100002199434989
100001660398921
100002403657403
100004485189172
100001649886025
100003811654481
100008265992609
100003236540793
100008044424931
100007326452449
39502115
100005235708130
100008439528704
100008354377985
100005513029359
100005903413363
100001390376968
100008665535301
100006537008604
100009694238755
100002944859031
100006780017121
100005118402030
100005122771059
100003306835672
100005853457348
100002684687199
100001122124079
100003883283071
100002706679594
100003334208532
100006448840380
100005822405853
100006963939768
100008209892518
100003299323709
100002956949162
100003490038599
100007535828479
100004896376572
100001073106044
100004054220689
100005464217545
100001881431242
100002025414285
100007990741305
100004666816286
100006804858056
100003879699353
100009391803271
100005346751040
100001083170101
100009732270594
100005569184158
100005941545808
100003286453204
100003075145162
100007977817610
100002093738212
100003128076127
100006941235181
100009915072868
100001087378798
100009594502985
100004332406398
100003612883898
100008289764292
100008282434031
100009284001826
100006778063515
100005378111439
100002488740217
100001462924911
100003029941672
100006017955165
8613650
100005297537535
100002147134320
100004820385047
100002141690862
100007120149888
100004227577710
1909868
100009783191275
100003909666207
100005912974798
100001826470706
100009338899322
100009252811400
100007638285219
100004697923262
100006386827827
100007848966688
100001085613359
100003251920832
100008241904312
100006429553205
100004303532658
100001906712037
100002772371083
100007951388491
100007189455985
100007785151057
100003227491892
100006026028918
100006806850559
100004859522714
100003672363979
100005753328458
100004040712693
100005791693540
100006249905249
100005134003355
100002431313644
100007898291826
100001081197634
100006474758429
100008336437119
100001043837706
100009251097318
100006451177471
100007577025446
100005628780434
100005021192041
100007030516860
100003398710149
100007770429368
100007477022907
100008598247688
10723127
100008632300882
100001520996947
100009330676515
100002959902075
100003894115391
100007939330691
100002613274541
100008849322396
100005446600775
100007775584474
100002159472793
100002473148450
100007022298799
100003835543435
100009397068967
100003422462588
100006058353378
100003135154188
100007080457142
100003174138310
100003836196175
100008475723764
100008124972817
100004504067738
100007907296708
100002514028449
100002529088820
100003774492262
100002508408982
100007670616647
100003187539191
100005657354843
100002140483111
100002632271498
100008322962585
100002638314506
100004601237652
100006939516946
100006616062427
100008969435090
100003393675214
100005153859150
100002440132891
100009305217361
100007979951716
100007330062035
100007625580826
100009968199576
100003277016970
100003786541602
605165
100004152039817
100007354745980
100007899936778
100009438681374
100002676000146
100003152792182
100006433780655
10904456
100005736344238
100001010698266
100006476120101
100003893182689
100008620750079
100008814189629
100006332199762
100002616863474
100009925574961
100006073092359
100009374293904
100005738142552
100005057766072
100005111738266
100007376312271
100003062336078
100006232935767
100003313710680
100001288842869
100009155033834
100009444779917
100003957370312
100007013470011
100007203285833
100009222387865
100002544518260
100008513205426
100004634017729
100006415543409
100003497153890
100009983689325
100001556000466
100001704524231
100007711810057
100006005298681
100007399383794
100006745843762
100002191356601
100009187284931
100007568528920
100001260798924
100008351081046
100004916737872
100006501012184
100008866334080
100009452618112
100001361157750
100009605110502
100004954200136
100009478792573
100004190328765
100008391664843
100007407815850
100001331767973
100002608637442
100005463919183
100004005407119
100001601174315
100009490434573
100002294191021
100003745916172
100002751348620
100001740042926
100008443650545
100007258633996
100002373926265
100004986632437
100009387162333
100002925593512
100009534951530
100007867140282
23438457
100009642844619
100009975499078
100007839548781
100004933202955
100003038721905
100009588532231
100007885472583
58213800
100002245047673
100001917161206
100002087288783
100006961834191
100009418576529
12420126
100003489295985
100001500571876
100004595920494
100002670984932
100002463414853
100007184809105
100006294541804
100005782569801
100001212032688
100009240371104
100006284197375
100002875389720
100004376491416
100006282607548
100005730311043
100005409252281
100009567427800
100009132881560
100001703080876
100005269028984
100006681614418
100003063931482
100001489596875
100008187994784
100001301570006
100005248955906
100006200224423
100006780754850
17116359
100006179581181
100007169957699
2033229
100009757037764
100002162236492
100007999892836
100001423665977
100009626177562
100008141556770
100009705221733
100003980995935
100007383844082
100003101901978
100002725079067
100003610533292
100006632208538
100002726554256
100003604943110
100005169044146
100005070727548
100003861370703
100004820223356
100002737530107
100004482854493
100008519040417
100009754813726
100005414504902
100004424476337
100003338340598
100005066268092
100008090700371
100001524255581
100007482736667
100008571245232
8364512
100003507073985
100004970611633
100006847723731
100008207381894
100008351593581
100008386033455
100004046053931
100009771039596
100009141344955
100005698152658
100004385381017
100001030185161
100006780750902
100002340076821
100002121044485
100008488841395
100006028143639
100005246684277
100006762306583
100004569187070
100005046603822
100007607208602
100007010587973
100002888661599
100003877713057
100007286442201
100008374530367
100002658471777
100009377078964
12431041
100009880632163
100004489818164
100001259445873
100007956487811
100009604544368
100006751398758
100001347644487
100001123375632
100008319362929
100009058395063
100007781773010
100009535256142
100003006077793
100009052561978
100001894558308
100005288145953
100002318424737
100002933057310
100007851797463
100001928483316
100003527392564
100001486657575
100009268349217
100002048828935
100004993050737
100006482630229
100007363772575
100005055253346
100009490749612
100001564678838
100009535503456
100008049936514
100006592298913
100003588243669
100005669438364
100007943130600
100009265233678
100007921516234
100001984975415
100007650916569
100005133060146
100007345507981
100004595583889
100007712831327
100006180883156
100007497948894
100005205965580
100006143708177
100001168884457
100002682842612
100001352522548
100008948507502
100001088867254
100009504966634
100006938599069
100002953380627
100001885760092
100009122530051
100009120467049
100009971084986
100006806951469
100004209720683
100009481497628
100004089983160
100002439678366
100005313009904
100009256466026
100005883791249
100006228765104
100004367135347
100007403439317
100009517705709
100004527391683
100009597826718
100005927857267
100009175965422
100006907573322
100006215586654
100009198377458
100007356555133
100002790241597
100009183995543
100006439466941
100003318744164
100005116866236
100009312442936
100005449427202
100001597715010
100009999977903
100004896750360
100006430397805
100005554113634
100009591576562
100008673399204
100007627966719
100003956091863
100001104401274
100005700919473
100006473623018
100003390518644
100007454378603
100001744360960
100004065132352
100004718953008
100007785276082
100005400377493
100007862264156
100006741316723
100002722190419
100009392474857
100003487371343
100008647421798
100004181767250
60800297
100008982990649
100006442591023
100007077226926
100003936960909
100006722713679
100009013201981
100006972307808
41300916
100005625367381
100009125580606
100001246392210
100002867128743
100003370732494
100005722992686
100005722098452
100001612515071
100004712322954
100006136412100
100009306643202
100009915674720
100006712994906
100006445819409
100003516243851
100007641587441
100004036643700
100008159949159
100005898399424
100006465756516
100001882513730
100005442878810
100005133962633
100006870603995
100006792480442
100006644439352
100008750490902
100003545503040
100001871509324
100004992822755
100007236283415
100009139712182
100005478612272
100006981341094
58701537
100005550070168
100007494753097
100009894120067
100009530881301
100004334384194
100004413932985
100007435691556
100004168749233
100006477621164
100003613361227
100004473637720
100005192112282
100001583853196
100002385371745
100004419756882
100001605596046
100002506525404
100007963564668
100008025948680
100009265346807
100007552518127
100008030191948
100009824584488
100009380737537
100005622428341
100009620841542
100003047490062
100003004723367
100009806953349
100007769223965
100003485218416
100001876738459
100007521781063
100005004132146
100006530835307
100003237128421
100009748961086
100009587836193
100009269641690
100006204255376
100006433797326
100006922447136
100007815612603
100008370409334
100004690532751
100002621734754
100008437264900
100006896491556
100005379369854
100008342311078
100002548347545
100001278481991
100006011946902
100009329334882
100007168359745
100007308284414
100001297781167
100009637510174
100002203039664
100003736805475
100005433764356
1526290
100009292812749
100005739152166
100008112190750
100004188248577
100008467546073
100004516488131
100005636683633
100009782404151
100009434128361
100008430852469
100006642097822
100003974151898
52800464
60032
100008313765506
100005857300412
100004746222591
100006626316379
100002587581974
100007238111423
100007737641704
100007546904783
100008735821801
100008000888039
100004517239123
100009123551676
100009266072562
100006036159539
100004424404661
100008361136170
100004030121601
100007513534864
100007457952807
100002364777898
100001651492047
100001169546632
100007473437704
16001518
100008290611309
100003013932040
100004880138990
100002290996650
100005415820437
100004640286773
100002044935354
100004070550388
100002719742556
100009053435291
100003789025831
100006240528399
100004599765727
100005191215742
100004198724895
100007889462952
100004870935116
100004315630326
100007210112065
100006990754465
100009764988090
100006959585143
100004821518810
100001243288401
100004762152233
100007011930107
100005840082860
100006567061381
100004662702525
100001867396425
100002514349796
100002482153756
100008919933279
100008634251517
100003828367837
100003297247108
100007467425749
100009407416241
100001219740745
100008300823131
100005922072541
100003179400040
100007141446559
100007500603554
100009745356092
100007692337171
100006178783615
100003927956289
100005525016157
100004333144505
100004902045818
100005223390779
100003122038896
12442131
100008341301841
100003872841835
100006963936880
100003088824475
100007997520887
100004721190889
100005409700783
100002939207442
100001521695816
100007074106933
100002829975394
100004090913361
100003716327635
100006470822225
100005974544600
100002605389910
100008219641974
100008539512929
100009959594759
100009700381757
100004927574241
100005463332045
100008050152193
100006649237295
100009660904922
100001830435216
100002428289055
100002991901947
100003036275669
100005288919694
100005835631745
100001238330676
100003920388853
100001760697235
100008811521478
100006197914737
100007436413025
100006597129569
100004262672665
100001926764531
100003912030190
100007592861814
32801333
100001853873912
100002931175531
100009543812318
100004401756272
100001330972540
100004856135356
100005978222924
100009465963055
100007440545238
100006432192709
100009900679147
100009278310760
100004789801699
100004724105735
100007827827948
100003724536477
100009148981981
100008142995609
100007689487726
100008186911161
100004316192917
100008281936519
100002914564742
100005189477267
100009542467811
100004260457049
100009754875768
100003240744588
100005801290999
100009117933554
100009407162684
100001961085992
100002387346504
100004997643234
100006317825878
100007558267405
100005041356245
100007290466765
36611157
100009375468074
100008718343308
100006939571559
100003173948654
100004885233269
100009960303174
100009602646354
100002280957722
100001558124195
100007497064103
100003132198538
100005250559099
100006856957574
100009104104606
100002790016215
100005034124029
100001962847829
100008659361871
100005428682337
100003009210776
100003579715411
100001378757892
100002681158457
100005176685556
100001332050522
100001332927528
100008922304288
100001690029491
100008263157703
100002158292761
100001339797571
100003628411992
100007063771430
100006218326544
100007579603422
100007226986302
100007703051037
100009627130418
100004849928186
100003571120793
100005360835415
100007380365484
100008822598214
100002429440932
43202905
100002439204572
100004603633519
100004020709383
100004196790546
100007330990854
100002934417244
100005116059994
100007817558720
100002916898101
100002005526250
100009169736720
100002930084832
100003774612988
100007445076642
100008386399146
20203850
100008904304915
100003547555329
100003123655710
100001961795215
100005506951031
100007467519610
100007537247241
100003102148328
100003276021794
100003747980577
100003675665314
100007126575043
100004964205128
100008551486941
100007132027593
100006529126678
100002396347757
100009156001618
100004462081476
100006468156297
32602204
100008204253281
100001759912524
100008492773122
100005943695114
34502127
100007724442558
100003887961779
36811093
100003177665149
100003609415824
100003279953631
100004602824130
100001012421711
100003755655441
100008992935119
100001587826465
100008387703093
100007631897436
100003485689973
10403038
100004850981820
100004937430988
100008037542642
100003818404755
100006994155926
100002392643685
100005069792473
100004147961816
100004622132237
100005745972002
100005273118628
100009774003402
100009935501611
100008137754899
100003515524686
100005679283145
100002607741750
100009059143565
100009056330628
100005650964384
100006528391743
100005241578786
100003758706298
100006614741517
100008624202923
100009148150199
100005919635955
100002593441886
100001317519534
100002044900853
100007384117700
100007948996477
100006429176756
100006712170054
100007515750786
100007745507042
100009914658609
100003735577014
100004937588407
100002407279230
100008415720303
100007226805089
100001547541151
100002964753705
100003788353935
100003509267122
100005111315625
100001514971444
100002690300901
6813032
100007553177242
100001104057118
100001529087595
100001990397284
100003605451467
100002821513650
100004649706479
100007625834710
3001475
100001197145889
100009120123579
100003252226522
100004670776476
100002008828427
100009915948497
100009282906884
100002783928432
100008801138547
100009225019693
100005965568762
100007729470354
100001782454878
100004567621463
100003360514134
100004705247258
100003112022333
100004960505103
100009441981052
100007926792634
100006578418044
100007085835246
100006488658617
100002872359046
100006557740660
100005429058685
100001992069950
100001441689731
100001286371980
100004326525356
100003874585800
100004859827998
100006862150160
100007585590252
100009762516912
100004928202959
100009957889357
100004133854436
100001464878178
100007789064041
100006464730249
100006944232058
100009343650689
100002011798043
100005794841039
100003396053572
100008085074062
100004535047868
100001652880126
100005748180943
100009780515053
100007126875936
100005817277509
100009182748617
100006902730150
100001663865403
100001474491453
100007395906883
100002053324339
100007090502451
100001150247488
100001139052742
100007414830661
100003653931143
100003078318883
100001215415874
100001596723010
100002465840667
100009568595223
100005342195438
100009933542435
100005833154122
100009378173365
100001040343507
100004665556329
100001120880365
100002046872599
100001607234888
100007970149030
100008993295980
100001225179850
100009648638853
100002529816404
100001251904271
100004904618412
100003359774701
100009327624071
100006517335986
100001151883091
100006823292297
100002078870711
100005616730019
100002032049424
100008163168208
100009010024704
100001520324693
100007110883870
100005707154657
100009909009127
100008421310148
39507255
100009787744405
100005785818603
100004741567699
100009908672252
100003216394971
100005219445538
100009967662733
100006375075429
100002016293032
100006239683271
100003974243815
100005732565016
100002455670588
100002142112732
100002344910587
100008489674280
100005464717765
100007056606616
100007289288855
100007721296638
100009810577373
100009099832491
100005705316030
100004564120745
100004226164476
100007265911177
100006637153197
100007269137318
100003476776892
100004364988779
100003161856090
100004940945687
100009751393675
100005389445443
100001769123564
100008364963340
100001054474225
100006760427910
100008846173172
100007874651967
100004085502087
100007030931438
100008788367730
100006657761344
100005364785857
100005641026071
100007150542418
100006785612581
100003987639427
5731176
100008443818287
100002408204465
100008009233598
100009904335758
100008124273645
100002766858404
100005463458612
100004307315896
100005126867078
100006551354143
100004421053629
100007665613849
100004148865750
100003868214932
100009116207290
100006507811304
100009652245631
100004068587845
100008818603567
100008664463460
100006332259372
100003531345511
100003506954274
100006735678963
100005847068504
100005366761948
100002264378737
100006496758975
100002029245811
100005772101956
100008953384979
100009352875466
100009000936719
100007911516137
100006513885585
100006449741997
100005624464988
100008940030101
100005846316541
100007305180184
100005199137487
100005076438787
100001775721824
100004305246662
100008165348618
100008234749436
100008050482305
100002253396277
26706293
100003002692964
100009542900099
100009038786201
100002489206543
100002274205568
100003633637407
100007770096756
100003115714571
100002130102290
100007502711760
100004797764347
100002989097587
100008244068689
100001885327799
100001565613328
100003730277885
100007785150173
100005858464457
100006822284322
100001505745579
100003105381989
100001754177019
100006098148206
100001516573824
100009485962022
100008253093411
100006475628533
100006310083224
100008770024732
100008883975602
100005360435008
100003886452536
100005857087051
100009155280356
100009700020529
100002268250242
100002741088635
100009582433937
100005644200188
100006749477645
100001268061682
100006602011473
100003696003344
100003890607197
100005315980026
100009922036372
100002890506740
100002359714409
100001477016900
100008096140253
100002539248053
100005282205252
6413401
100009507993406
100002742439804
100001055089819
100006025546592
100009888571199
100004003946800
100003716065711
100007311664516
100004988654038
100001870535573
100009439828708
100004510782523
100007367972737
100003909482968
100007064535962
100006444915834
100009926315011
100006946500238
100002419142151
100006773149486
100008536727445
100005937125215
100007794434063
100003973854733
100001083737781
100005134877161
100003707020978
100003230044698
100004920732409
100006513166016
100009384351873
100004096566644
100007761648657
100008066314669
100001655857397
100005279820714
100009175832384
100001907708385
100003503862810
100006350251198
100002306933050
100008035685040
100001334724642
100004266601407
100001665711922
100007881494406
100005966381938
100008202013131
100007042862268
100006588846568
100001508176579
100009487068354
100009180258311
100007163836267
100009270766586
100007364526404
100004067959324
100003958471399
100001977312202
100003038811023
100002124442932
100005530755117
100007071244434
100005459444325
100005628751945
100001002369198
33406258
100003631174592
100002017537290
100005730399326
100002561980237
100003599622788
100007936352006
100001077395210
100009852003426
66400434
100002139762467
100004434134267
100007146910291
100002267388807
100007608034908
100001261492895
100006129780401
100002562086767
100001720523078
100004792326291
100008563416427
38103255
37108827
100009139589026
100003607728966
30802672
100008232933031
100004495963012
100003205498834
100007434127083
100009414465192
100008832065259
100007461347438
100006523415391
100003042695385
100004461845979
100005579165409
100001133357905
25204198
100008081077508
100008025186158
100005392907308
100008535093852
51104656
100002527664835
100006804694942
100008885643602
100005110907360
100005626577676
100009516214111
100003461813081
100003671408206
6512817
100008157391483
100004434666374
100003714130357
54706801
100003595944617
100001656409328
100005475971764
100009697351550
100009957698514
100002179676759
100008569638719
100009182016864
100005525954993
100004209375357
100003757572828
100004402868604
100009583025165
65004132
100009428068410
29714870
100004372140600
100006586751335
100005571217621
100009258737585
100003197342536
100002597578808
100004179882479
33016337
100009664128607
100003572204495
100009593110571
100002690524034
100009506576979
100009082616360
100006794416950
100007121734412
100008876313359
100003814451998
100002040091422
34413251
100005290067162
100003325338867
100009149884477
16902350
77307623
100004507840640
100002797651637
100006463420732
100001017249264
100007101188236
12720725
100009993709392
100001022190975
100002176110057
100009556575322
100003730330750
100001276331808
100009441346758
100002322258908
100001655191378
100003511407426
100002661396269
100006307445474
100007642991922
100008411558722
100002992146889
100006065436487
100006562512834
100003270284256
100002638056203
100003948447410
100003949693876
100002016230690
100004875455131
100006906248386
100008099107909
100008711956446
100002908963818
100001317998625
100008003299392
12404532
13939324
71300150
100003246443510
100002688664353
100008173236728
100008443751850
100009560551348
100001890971276
100004534567777
100006874145389
100004076645484
100003697710067
100009929169846
100006980437245
100008036409538
100003740509147
100001625461138
17011706
100007951033319
100009182145146
51809229
100002168109154
100009506391007
100009006596780
100006668710888
100007512431110
100004090492890
100008454877523
13807997
100009068227802
100008315269543
100007525933173
100001556601198
100004037031170
100002105664127
100001569834363
100001732835117
100008084623984
100003107194486
100002922974834
100009796487357
100004476404514
100001407197364
100004256476682
6415635
100001230383730
100008887780185
100003153913095
100004297369176
100004909903361
100001296718449
100009445195654
100005724300625
100007379653809
100005977991678
100004109748290
100003294491940
100006485915902
15718184
15102683
100006115931404
100009447801101
100009506654200
100004122212614
100007276990370
100004613082600
12809674
100001726555000
100006457107979
100004997315059
100006375376296
100009124646001
100003356695560
60101488
100003117738475
100008071454568
100003818992883
100009641659260
100001889895974
100004716793252
100002411308145
100009286752961
18808396
100001951088210
100003284361226
100005613768478
12918318
100008793190851
100003954795430
35005343
35201577
100003475392931
810889
100004050586392
100003652125784
100001472864998
100006938089242
100007255237420
100001167440257
6852176
100009836312040
100002781126137
100006584142117
100002483006048
100004328262909
100003025874838
100003334616105
100001843840826
100008367613083
100008341560593
100005624776616
100003051530251
2722339
100005689748348
100006897942407
100008356309411
100008943250851
100001423647302
10034169
100003299455590
9500169
100002757676543
100006769779298
100005928243886
100009276612368
75600578
100009131859823
100002859585952
100009813845074
100009812521997
100005258411477
100004899225600
100001589992604
100009417623787
100006499486307
100006423999110
100005769282080
100008757789132
100005859940474
100009357465017
100008042557817
2258732
100005008745851
100007008736491
100007629182078
100002954352305
100004202616993
100007583597973
100009302344669
100009046848382
48201694
29626107
13933818
100009469094789
100005420568922
100004755001212
100005131295166
22900822
100009064852101
100001037042223
100002699259846
100004271347973
4295489
100003317032620
100005229074432
13728300
100005804852525
100004004521159
100008708973580
100006968798385
100007238251009
2506704
100008457017424
100004529288705
100009833469431
100009638211399
100006573871570
100006216487615
100009029818343
38419450
100001910136491
100002494237340
100008959450207
100009019649651
100005993342986
100002752765224
100007704675441
100004820297435
100003604990505
26510400
100003037341022
100007148657805
100008921380893
100009973321834
100004361673586
38101701
100005249028226
100005512414399
100003067801404
100008908114821
100001875910222
100005514484787
100006897730565
100002890192852
100006720736343
100008384264856
100004788648965
100005015085177
100003817090464
100008944905403
100004387296292
100006523442460
100005089935935
100005294350137
100004367206533
100003047931075
100004483959148
100004369728718
100004770308979
26519183
24406872
100006463376312
100002147293828
100007870324587
100003158751551
100005505944801
100001779037920
100007305420663
100005657087842
100002645538990
100004935394512
100005100130317
100006592111730
100003695795657
100002559879858
100005151315070
100001063829127
100009477998596
100001375544568
100005989621905
100006829247856
100003668470890
100008887381552
58803595
100006612312466
100001887958286
100005608147491
74401780
100001013148918
100009624620112
100003394718788
15602799
100009392215855
100009106417762
100004717742152
100001828868263
100005765229263
100004692666726
25319283
100006782718181
100002566606002
100006863319332
100009162623066
100007343197105
64901715
100009643268591
100001419679380
100009752319819
100009891347107
100008150972148
100007749060794
100009390760830
100007953795614
100006170914073
100004222782418
100004015440335
100008010161854
100003291103307
100002164524568
19508154
13921525
32701959
100003110221909
48213606
100005340168694
100004400562987
100003548245746
60800789
100006034301470
100007421142183
39605756
100007656457554
100003362243431
100002252763125
100004710317939
100003000841645
100002907997595
100002385532881
100008196698370
100009511650232
100004716436864
100009611538864
100006664892482
100001299643660
100007735118956
100005530158180
100004566648968
100006434369837
100009388209349
100004790590866
100004216563599
100001118930846
53202689
100006531638173
100009406475380
100001328261523
9215149
100004090577067
100001880962452
100004131483938
100008431157069
100008948897032
100009637131295
100006344463987
100003904507246
100004292283568
100007905226255
100008411712443
100003191967297
100009534155874
100004805868018
100009081898046
100004069003302
100002391549608
100009254857115
100002220201030
100007204008222
100004378890952
100009487825398
100003678769544
100003512117152
100009359724094
21402329
100006274840506
100007706616259
100003014875879
60701332
100006780545421
100009406152492
100005325495719
100009735549702
100006643291362
100003315513523
100007919584146
100008973071571
100008458158733
100001867281346
100002730681358
100006692058564
100004170644560
100006215809051
100002929723120
100004859563197
100004988103553
100009384048076
100009727472532
100002680238459
100002626293886
100003065478737
100003247532702
100007351687079
100002899422014
100004632181929
100006404080432
100009790873652
100004020647069
100003421674342
34805386
100001224757913
100007999173630
100001780752229
100004594065669
100004899314966
100005272007529
100001033808881
100008440502076
100003104743289
100003798822762
805065
100004283520664
100008310247235
100001454798285
100005260204509
40901887
30500524
100005327198569
100002695385890
100007814865047
100004062810021
100005460826538
100009138728189
100004419489769
5823534
100005178720397
100003467342440
100003257323911
100002526960359
100003644590114
100005952577098
100004284635821
100001562847156
100001385662295
402771
8818573
100004205088142
100008540557052
100001096375855
23408698
100008743598313
100006402279003
88400733
100006466501564
100002618847020
100004023199008
100001078373326
100001308816025
100008371718498
100007668693015
100002007120393
100009052149119
100008763960466
100003031724736
100009580606674
100006510672392
8368651
100001483687937
100007079207477
100008767607336
100003701176051
100002599528194
100006549966359
100005616635417
100008286225405
100001207411585
23800454
29415649
100008730288053
100003334471658
100009252325628
57703109
100009488360676
100004220051212
100003447980319
100008818050926
100001407789679
76802674
100003010961111
100004859504632
28601283
100006922996371
100008677411150
100004263555099
23403182
100003981320332
100004453786170
100003504844926
100009097104306
100001004400457
100008811789623
100007655598416
100004860192628
100003829495533
100004084249095
100004260820337
100001914609384
100004662012005
100006448144080
8620882
8333210
100004988473842
100006974985594
10204092
100003195076371
100004029607053
100003385593101
100002928566079
36603056
100007934534863
100008976554493
100002363955275
100001797539217
100007185811343
100003592004356
100008309691851
82002297
83347
100005862935812
100009131824444
100004821871605
100003592231770
100007218281421
100007242917350
100001655248584
100007690867590
100002078612238
100003483218939
100002335511993
49701966
100001745294967
100005742481257
100002046293145
100008428028174
100002319249347
100007788857512
37711229
100003805818346
100005837890706
100003649177395
100002123466742
100002547426544
2708297
100005775243081
100005446845452
100004876839835
100004428964331
100006174365067
100001736400994
100005799402544
22227087
100004958313842
100009324529968
49102590
98901180
20715048
100004056379635
2020284
8219303
100003330848761
100006492073961
100002246921809
26309529
100001954893532
100009560300630
100008848601472
100005763396083
100008161362802
100006600700692
100006388596589
100009958295427
11319080
37516331
100009909391965
100001679704606
9358928
100005285221567
100004781738981
844551
100006744793938
100007055857022
100008327162882
1310695
100002911644977
100005341239128
100009555064832
100006039488077
100009371060474
100007222365025
100009594631217
100006350324096
100008397452355
100001471237997
100004094534045
100003488150063
100004088063109
12605735
100006546224415
100006468934124
34101899
100009643120872
100003711195731
100007808438350
100003116859716
100009102682206
100002604917336
100003019763694
100006349212523
100002654370949
100008198375379
100003946192435
15600137
100009452208097
63201302
100007598981160
100006807937815
100006426199031
100005687527261
16202368
82402268
100002742732755
100006460801131
100005409243678
100005530714512
100008412709206
100006935837581
100009275692055
100007657635061
100003525346179
100003259687784
100002115313390
100002518226848
100009842495731
100009123599784
100006987483018
100008477852975
100009424680844
100002767713151
100001311496884
100003929592762
22420896
100004690959321
100004919463235
100008304667757
100001838689340
100009318508759
100003272733801
100005318536954
100002554392960
100002130702290
100001552460721
12200279
63470
100006775533350
100003292784505
100007402862184
100003669565565
100001289602939
100007690905017
100007210806112
100004487522947
100003067170885
100009720300413
100008385005666
54200116
100004405866057
100007316355716
100009643580615
100001672418042
33806322
17903737
100005311174475
60900662
100009988600322
100004068274497
100004727677885
100001375687311
100006909159095
100003618100473
100009219221532
100002268207390
100007898050538
100006601875016
100005526796416
100004386729151
21314019
22224365
13717468
100005862941297
18718377
100002002779611
100003862403235
100007497587560
100008264265443
100006826595834
100006511401336
5309624
20601367
100003731381853
100008165860638
100003821597674
100007586162028
100005257475308
100005183029286
7023777
100007094619060
100009669826302
12814085
100004735634892
100009526370695
100007899000113
100007591485340
100007705785008
100004211107205
100008920442276
100004354427709
7726706
100001577125883
100002969303532
100001463941709
100003794438279
100008706402967
100005356665381
100001373449044
100008727221063
100004143152736
100001359806532
100001855678580
5020242
67502252
100003545686090
100009706968204
100004334105514
100003575111618
100009168189512
100009725808577
100004758970429
100003318646434
100004234930013
5732917
100003685226328
100002474917359
100005283399492
4273568
26600747
100002293710240
100004781894895
100003524780943
100008878951572
100008569006741
100005757314223
100005361948490
100006175684107
100003266677885
100005076092244
100004385228837
100006837848622
100006302552424
6849219
39803536
100006478450654
100009921856957
7718300
100003157781354
100007787134027
100004603428298
100007207631835
100009503560009
100007694986857
100009448858591
100002955001804
33400522
100007346537885
100004590585609
100009137985475
100005186439558
100001611203602
100005500397056
100009691475235
83300994
100004414090281
100004372968368
100008644904240
100006548712649
100009711937004
100004042126433
100005119277772
20510951
100007214409594
100005085090179
100006407740437
100006520414188
100003254503862
100003665615681
100005082229288
100005146980154
100002259990398
100007095993444
100009457127174
100009354099865
100002915238681
100009605525324
100004114806387
100003298138241
100001802088135
100004843445154
4924436
9025639
100001759970750
100006201608648
100003366471816
100001329354865
100005048643016
100001546487248
100006379487423
2007407
100009400993137
100003143551453
100003265082868
4226247
119922
100008167788762
100003210825777
94805233
68300200
100004243841662
100003095276094
100006382149210
36104705
100006753725417
100009267222003
100009700455526
100003064098414
16807857
100001311624776
100007184044822
100003314000644
100004666321381
100001395915106
7023277
100006034113696
100003131765448
100006329832485
100004457820912
92502799
100002594546333
100003684725164
7909756
100002122630368
56001649
100001064353640
100002565988508
100004256504479
100009298509402
100006556426323
100007228545367
6028753
100007429664165
100008980864839
100004601708775
100009942974222
100008812566868
100008812897767
100004250431106
5727672
2714805
100008594284723
100008319940111
100009984363948
100001766914735
100001811598240
100009551253254
100008133547688
100003291878583
100006634383106
100004235269054
100003115778608
100003612192693
100004484349193
100003576726973
100008293717403
100006409325482
100006104530425
100009953832742
100006787560979
100004080951118
100002104943797
24801552
100009729915992
100008639627473
100009324084886
100008791094602
100004211640661
100001368120858
44203146
89501006
100007039067913
100009622081105
100004461345765
100008085247379
66200922
100001158243262
100008071020850
100006360015952
100008175843185
100006798761907
100007495535353
100006895997310
100003573013945
100002092085113
100001658679768
100008113234928
100001187396979
100008592120504
100005216117342
100008999503179
100004886611767
100001823532015
100001459954118
603204
100003605138444
100008133634157
100005463693447
100001266575041
100005560186906
100008640370112
100003059859143
100007181263076
100005954406657
3419603
41116606
100004365889187
825773
2042098
100008212830646
100002329207371
15805085
100007264097766
100001887580227
100003733238011
1607408
100001681573636
100003955471852
56300970
100006714615741
100003156756490
100001260557549
100003467325285
100005121456932
100003763396304
10621089
100003203406154
4288514
100009003648973
100001364067940
100008158570542
100001498707028
100008829362839
100007008857717
100004582290592
100001971509265
100006719619594
100006642167612
100003114645379
26512251
100006275838593
100006537821385
100006822587916
100006699547121
100007511321983
100006724608889
100009881527053
100008675826195
100007591779010
100001954406625
100008496480678
100003684803050
100007703833727
100003764361486
100004853088906
100002706304444
100004905483125
100003026433200
100004800820344
8801807
100002244682747
100004578905163
100001750834303
100001340773518
69206671
100007778677957
3330278
100007545258597
100002494483417
100005063316521
100007366301401
100006474169228
12609032
100005628001420
21806793
100005022000041
100002698805878
100005059483066
100001770679772
2339442
100009546128948
61403000
100002321554820
100004214110563
100009884772990
100007510386335
10230501
49302827
100004887214612
100009464814820
100007878769140
100007888445943
2065900
100009890745598
100001068076231
100004999928525
124817
100002924431191
100009638497820
100005010963192
100002197548755
100003471076345
100005061364816
100002307278682
100008990108130
100002534602381
100006197044244
100009659767683
100001685169594
100009301107951
100007760013170
100001849066325
100002720028335
100003646710382
100006456168528
100002916723303
100002283964638
100004478892086
100006044685739
100001325877972
100007398134597
100005102051117
100008515428692
40501978
100001523358274
100009700982829
100008264285090
24613225
100004072141702
100003136350602
100008944441653
36608381
100005329833725
100002030935159
100005830360463
100006831972352
100007532830018
100001712912877
100005867920304
100001585328128
100002925445471
100005901579158
100005412780231
100001827881260
100007394959028
20000235
100006194945659
100002057538498
100008026297806
100002305287533
33604948
100001721894487
1320212
100007947636404
100003310280924
100005494442515
100004739761502
100003025165713
100005303237136
100005175390741
75001109
100001884944645
27434870
100009995316180
100008056305921
100007223050713
100008027766657
100002808392965
100005418157338
100007713482254
100007964919188
100008092592617
100004663083717
100005906823399
100007333872758
100005563639254
100009914989217
100005493379247
100009494304557
100006453271702
100008001817953
100004468577086
100001279161728
100009978360015
100005239002494
100002384673510
100009734892705
100007970143968
100007161911340
100002120881690
10104032
100007938247118
10706376
100001410311787
100009686804374
100005744059113
100006394263109
100009863266732
100004746190934
100008064934788
100006352867442
9302325
100006835394493
100004532293132
100002117066431
100005145887017
100005168100326
100009964953051
100005933950181
100005890112575
100002828748504
100004272279452
100008960958558
100003066428127
100006324422745
100002525966572
100004743602243
100003909542180
100006099910807
100001662884375
100004991079795
100009464998998
100003840813545
100002618432168
100004004959768
100003399044953
100009918872072
100008520061152
100001272735653
100004089601162
100007394251143
100008030220731
100006955001225
100008363043948
100008071723746
100005917782150
100006275169486
100005581244449
2213614
100009924739330
100002008910444
100008122904137
100009926650531
100004540952080
42400240
100006266227656
100004590330514
100007621420592
100002245747760
100004730200951
100004455488306
65500443
100007357211015
100008012831373
80500471
100005393745287
100008273593746
100008627643918
100005352404216
100004765958180
100003446077185
42409957
100001667959241
100005951202296
100002625901592
63603816
100004194649213
100001035066048
100007656634087
100007969203275
6420999
72000369
100005186490217
21303881
100006593894875
100009816275083
100009296931470
100002254301069
100008315294858
24504081
100008270676848
100008575560894
100008551237519
100007018038667
100008051200736
100002327320279
100004665635647
100007245370620
100007087937063
100001150188449
100002655388012
55717072
100002033596682
100001868714852
12443473
100002439311858
100002576758243
100008445309795
100001385062080
100007395914628
100007405990951
100002922719208
100006869550918
100002307551938
100005694465511
100009532118482
100008531955203
100002914200894
100005472518604
100009581760056
100006478129522
100009636270180
100009463813471
100008113060286
47000657
100004250678264
100003805339874
100007176456413
100006489520365
100009994969561
100002039592948
100006884891771
100003885018635
100002479171581
100002835667166
100002002953065
7607868
100003279552759
100005021023691
100006239525759
61901056
100008171889348
100001269874473
12452184
100002651954833
100009176096357
100007371640634
100006392561922
100001492146088
100009584102452
100009895057788
100006298113950
100005890151193
100005619876966
100001321156928
100005684148535
100007745056228
100003277763430
100002028894397
12325217
100005594851573
100006080881061
100001282963268
100006485000981
100003894005682
100005805730135
100002128600437
100007170120849
100003473904776
100007943944121
100002231650455
32804544
56008511
100007474723232
100002325440607
100002276143657
100005455719285
100006986735296
15922918
48908361
100004631101961
100003343936922
100009721051564
100002544859748
100008368990340
100008427605894
100009040280923
100008291928397
100002861875455
100007520418781
100005592240687
100001635420856
100006843993021
100004165023589
100004080425649
100001437020236
100009658191559
100001138460736
100003733029601
100008135557572
100009752884653
100008150712261
100001773045247
13930591
100009909038735
16603681
100001352640138
100006833410497
100002352664130
100002066806580
100008497217050
100006854264886
100003780153179
100009840765563
27207924
100009311096455
100002769199555
6807903
100008236359432
100007518128606
100007232714719
100009738005506
100009104607611
23200339
100003349081463
100002233298440
100008618911129
100008333288392
100009403911419
100009680853090
100009268368634
100002957043758
100001146584558
100007960777295
30305030
100004195213530
100004322314573
100001435690427
57600063
100004204323331
100004041805077
100009339909768
100007852544638
100001827687771
100004072119990
39805879
100001862460632
5303504
100003942573370
100009811481088
100007838943466
100005219118562
100003173853390
100004998639065
100005162535249
100002399855494
51904244
100009135117438
100001043686689
43809007
100003999465100
100006217728404
65006190
100004378487951
100007722816510
100002966548436
100003087510136
100004566797279
20717653
100004330502060
1950025
100006348122332
2319005
23914158
100003268283933
100004653289378
100002987540567
41303791
100001629596724
100002239339792
100007824697596
100003857886548
100003376300470
100002922326453
100009186359787
5711648
100005009855529
100009674946538
100006052840630
59802052
100006249753573
100007060743879
100006218855002
100001250948647
100001207860364
100007587993452
100005913676318
100007901620348
100002392669708
100007045099241
100009606876818
8635131
100006690944608
100003722187319
100007615718443
100009592297248
100002047592991
100002467492211
100003162493221
100009623376388
100001477806865
100007117536414
100009762428932
100004705957211
100009853506445
100003457160119
100007684205007
100007717055604
100001566578145
100001612753919
100006850753895
63705241
100008534166904
6003582
100001457242366
100005339499504
100002499491809
22220947
100004282415401
100009837063389
100007111218141
100003918518333
3230924
310696
100008171085224
100009398324419
100001106387114
100006310532817
100003150678622
100002520333871
100009338340045
6301675
100006975938653
45802368
100006823274598
100006138317318
100006009271530
100007295532504
100007554374314
100009903188222
100004074123559
100005035752501
100009161808513
100003135699463
100008660370791
100006919683772
100009538883315
100008643612199
100008268798596
100002273226350
100009950316532
837359
100005669763476
100002601169460
100009871667771
100002082124382
100003133662335
100005329067514
100002971867958
100008072975135
100007712194587
51303222
100003806131179
100006888192699
14807987
100001394612222
100007572195034
100006814429097
100003902681460
100009739154962
16106613
100007804241197
68120984
33001396
100004733559847
100009384828585
44301759
100006334205141
100006940722278
100001824076577
100007790143623
427961
100007141639111
100009874666726
100007110934146
100002480964783
100001629098261
27305962
100009611618310
100002027515114
100007260163157
100004891895980
100001670978781
100007681953636
100008061132252
100004145041930
100003069123367
100001832771394
100002152212000
100002292317388
100007634800931
100004302342088
100007547071567
100001906136808
100007555417024
100009672169336
100003973961589
100003003941562
100003608293885
100005643881502
14502769
100002437925371
100006741426344
100003668540749
100009788716598
100003683031693
100007047420578
39709390
100001955041387
100006944377068
100006821411732
100003608897579
3108880
100001777934041
100002070228076
100005306657978
100008752896800
24401118
100007941886320
100004034852092
100005210854973
100005683985502
100004866618616
100002411403201
100003300651842
100002922155840
100003903355010
64602030
71804160
100004153147879
100004284000724
100001046930583
100009636123627
100001027535382
100003083730831
100006264768616
100008618347601
100005380861428
100009431074770
100006436972152
100009415738495
100001446952348
100008383806887
100008620449437
100006322517602
100008105687485
100007131818008
100002202976933
100008066468822
100002021307415
100008593891943
100006463315115
100003926966653
100007371042711
100007244203178
18901201
100003949060729
100002975938612
100003715734734
100005626536740
100002198859044
100001893687401
100001238115940
9424723
100009543041196
100002313519517
100004434885165
3605019
100007766503709
100005027419292
100009967516166
2301211
100002211270556
100005296926635
100001030665271
100008996896891
100004292021975
100001588433146
100003713844458
100008837538444
100005106156277
100005721333341
100002109480353
100004593248563
100008561179393
100004937043184
100006960842288
100006017045703
100008513680173
100009917263672
100001523600167
63804729
100001522973668
100005906498372
27502303
34004689
100009384669001
10052044
100007582593024
100007922473261
100009246097496
100001792373435
100009723430028
100004672662731
100009288776089
100006875314364
100006867455896
100006007875464
100005561228122
100002957510423
100004246862103
100005833743302
100002331471061
100002964436707
100003906713458
54701163
100007668076710
100009706869737
100004350918012
2504876
100002027111337
100003252778408
100007731165327
100007872336072
62305855
100001438837060
100001913773123
100008584395168
100004799970905
46700906
100004898884789
100007323795728
69900043
100008631372810
100008815366149
100008531613874
100002994668348
57601860
100002183195743
100006129678243
100006493244744
100004729128862
100008372772402
100005181199453
13806524
100003160492248
100004098330683
100006433244019
3324055
100002211133629
18403778
100004913590558
100008007552839
100006578771464
100002998007324
100001112226729
100002114420558
100003519747488
100008715754251
100006907022287
100008239241752
25308286
100006328337700
100005671770844
100005203307274
100002899175558
100003681703395
100004358288332
100003018372018
100004380842533
100006235714981
21426292
20802277
100001087202383
100002183672458
100009842956928
100004953396301
100003114007327
100004924802859
100002659728150
100008722500395
100002294463359
100001580754426
100009476977793
100003102843481
100002730182079
7814478
100007823449090
100009716866470
100003208614242
15610408
100007307740938
66202267
50705434
100009719587715
100005680300800
100009409079082
100004443212931
4927459
100004538713733
100001718092484
100008186973508
22200843
100008066501590
100004574583447
100006219936726
100004402999218
100003121652385
100009257579354
100007991530136
100005210986930
61403313
36200287
100004505010682
100005173562229
100006208777496
100003042204874
100006847842156
100008485037914
100003074274499
100004254756633
100003661767987
14318331
37525692
100002978242514
100001825681221
805217
100002593003145
100006023887179
100004777696359
100001192353590
100003162562558
100002984382982
100004831772748
7009890
100006070240107
100003198733328
100007173490586
100006104826179
100006490993778
100006271718103
100004362700022
100004694073809
100009019507103
100006479581046
5405557
100003512507994
27426739
100001306006809
100008366497092
100001025225050
100006813826609
100005313492948
100001940217811
100006663406355
100001869775033
100008254893158
100009810888396
100009050082487
100004170462208
100004693147626
100002075450152
84104859
100005209924606
100002790534202
100008131290860
62007957
100006260742743
100001117796590
100005517198862
100008016545408
100006534403654
100004861752704
100002667661549
2234110
5706145
100009030799117
100001087155243
100009953191477
100006784291535
100003209091566
100009422288812
100007080905994
100001508892984
24608924
100002244906216
100008343757463
100009581103481
100005366977607
100004372329473
100004069570873
100005226665317
100004485425540
100007107935422
100007724191363
100001519016348
100006814384200
100005463646977
100004173222281
100003173898160
100009402642753
100003474868355
100004088346806
100008335745741
100002910475554
100006781054037
100007922465933
100005352737622
100004518154827
100008748468582
100009606002145
100003925217597
23917131
100004160675146
9416841
100008283037944
100009295356344
100002050185967
100002333951578
100002936619171
38808759
100003153612685
100003687695887
100003650164382
8316699
11317298
100009635681114
2600016
100007484628411
100009213810675
40901666
100002256019515
8625943
100009673413581
100003875433807
100008115556979
100009873787743
100001420279810
100005394662261
4921295
100003751322299
100007323766562
100006327844468
100002732321161
100001826627807
100001550594033
3311447
100003440964464
100004326306542
100006296921324
100006471464194
100004926976156
100009269788545
100005966132735
100007554847304
100006366190118
6914465
100006298443464
8109812
100009650442822
23710193
100004312546238
100002910764021
100007117968719
100004110347944
100004807624933
100001518558660
100009664506598
100004822203330
100007025899484
22903041
100001478675332
100006858301570
100007559230444
36201258
100009361848759
100002888859955
100003478567287
100005131656389
100004200820448
100007194610120
100001276043385
100007429545693
100009896171313
100003070125544
100006303700134
100002837397930
100006189343711
100009037569093
100009072230150
100003576984007
100002673913094
10908125
100001322092594
100006680745181
100004417572926
23326608
100007734310469
100001888045426
100003825223327
100003734769459
100006153334001
11830828
100003097258646
100007510625101
100008655967249
100009921798968
100008409666879
100009099909081
100005069402793
100007434288040
100009399185019
100004255811844
100008779444571
52205300
100003123782668
100003143181498
100007216246764
100004473483352
100008237323496
100004746280078
100004041962238
100009347255994
100008615855218
100004137698647
100002042713563
25521354
100004110160476
100003590878734
100009473354453
100009796094358
100009454802487
100007252590028
100002365973713
100006424780963
100006443087047
100003020282248
100008182650394
100003052885748
18717414
7913626
100004566914641
100004178734115
100007873143138
100007745682753
100009378288860
100005068291807
100005204831651
100006787995983
100001387890123
100009938924152
7726134
100001526841946
100008362894600
100005321375599
100004760524551
100003757441647
100002269540657
100008283845454
100003899262199
100007287854863
49102056
29300478
100003947273921
3325867
100004542364996
100007274897805
100009745270530
6418603
100005198134757
100005810136133
100006933308670
100008279583858
100002555597590
100009635042699
100002009365986
3210356
20605895
7905377
100009954707539
26309937
43302176
76804322
100006995647676
100003634269223
38202155
100003102541467
100008487253861
41701909
100001932027447
100003532028488
45805485
100002159802051
100002832122418
100003811621052
100009204552687
100008522894731
25314841
100004073645378
100003204347470
2530959
100003633681989
100005985527956
100004504748463
100005431609341
100003620959721
100004018883582
100008302955733
100007422511340
100003395100506
100004664261460
100006159812473
311097
6024814
18300891
100004517282117
27203626
100004702543375
100002395088320
100006432344497
100005904583653
100007264116561
100003195432562
35004495
100005920068139
100001535544676
25831224
100006174847799
100009849125702
100004498746682
100007014818961
100007178378515
100004495771015
8111771
100006529427380
100005657943574
100003028070083
100007070142981
11900631
61212441
100004947253411
100009357880666
6316744
100009950561025
100006796969373
100003340222427
100004935491638
100006651220515
100006215762285
100004372473418
100005135490972
100003775750941
90406947
13913392
100004584288819
100006069004816
100001815343739
100002339881974
100004378003454
100007707696376
100009705215781
26501304
100006664124675
100002095977742
100007043582429
100009630432997
100007538834792
100003533121346
100007440458235
100005973060507
100007278035885
45109541
100007791879729
100003825519206
100001600592022
36811661
100001482144941
100007629765990
100003303831351
100001384594707
100007730805384
100001321158083
100005796337944
100002168722524
100006939098533
29001543
100005520965924
8117133
10046992
100005990534635
100005716989842
100007396988887
100002265139543
100006740499051
100006453199265
43405086
100008101363982
100006924158610
100006686852983
100007878187234
42503853
100004400679742
100009746894890
100006289846454
100008085132516
100007392497622
100009151739209
100002573183452
100004530791884
100001090075084
100008115638259
100001664095124
100008861020282
100002463392867
100006395532884
100002268056422
100001967735519
100007469886442
100009048896608
100004412470402
100004682473148
100008449782415
100005683814328
100009004186116
13706095
100006486478674
100006929088203
100001718174302
100008160962353
100002363766441
100002855778286
100008619846737
100009402398306
100008061487754
100001724772581
100002448909695
100009098849602
100005277512980
100001541092894
66503509
100009435789340
100004180332781
100005008329146
100001904271349
100004876486776
100004056050928
58901822
100006576076038
100008016038281
100009832636056
100009231114336
100004229582392
100009124726993
100002066327535
100001913033939
54900394
100009113127922
40303995
100002064144001
100007732997031
100009812561489
100007629486653
100009216655335
100004992071140
100006000360557
9600338
10611842
100002550024653
100003096389273
57101477
100007863646593
22800728
100001211670252
100002459554920
61001761
100009568369906
100003926728061
100002930627295
100005213583655
10236103
100008932567251
100005426568798
9338765
23412662
100004851371198
100001954811915
100002576577052
100006300105363
100003578193807
100006792194018
36919084
100002234190219
100006942551760
100005115125518
100002738059920
100006759823692
100007409025603
100004361882979
100006607413086
100006034712044
36909606
100004225543780
100006503109097
100004545012727
100007460949375
100002793074321
100005117838376
100003705158956
100004570440279
100003096811939
100003465777495
100005837492532
100001580736292
100003092933968
100002365572142
100008767454644
100003356824749
100004646588905
100007063605403
100003196816470
100007407330860
100002572955370
6205136
100005367782090
100003819960187
100008355283158
2807095
100005582746131
100001869401478
100001449924119
100002395268410
100006835475018
100007354152143
100008310635667
100003259511326
100007122031346
100006678787518
100007951900298
100009327997868
100008446938564
100008143472096
100007285357760
100006984757124
100008236632640
100002183969145
100005986427370
100001855334615
100002884792635
100003477378382
100002589657285
100007216117226
100002968630166
100004705363297
100007893131247
100007345983060
100009486885496
100003464030947
100003043981046
100009720851709
100001288897760
100006322718250
9630678
39506751
100009810632241
100001997250496
38504554
100001975870603
100007798694064
100008413754764
100009411849227
100002692279332
100006383522857
100005481934205
100008725564519
100007718534014
100003150978476
100004520593994
100002909643442
100005021344284
100001518090428
100001746894090
100004789746921
100004010621266
100004997658023
100006565819391
100005811310574
100005758270558
100008640196081
100003718194224
100002929490893
100002601031537
18802655
2723062
100002926893456
100004093174507
100003367861177
100006102671268
100001897521395
100005150319365
100004156388782
100007386999280
1912492
100004048004184
100004991225701
100004065363062
5132844
100004523141647
100008521393248
100003807169903
100009242661110
100009106203780
100008576442572
100001048286622
100007358022740
100001178575939
100007976555766
100006052113143
12130306
17822549
100003712302638
100008265690576
100009964718173
100008690327778
100004935542998
100009800102322
100004747505248
100009622234365
100006478845527
100007350600869
100007153962785
100003520355471
100005120733007
100001605342342
100005326967764
3400231
21722122
100004476601867
100008371263995
100004695338189
100004528657648
100004178321288
100007910761853
100001775385177
100002951146768
100009656507981
100001768179251
100003785441667
12313424
25808457
100005052571407
100007501605956
100008378882901
58700659
100003501380807
100002588319522
100005268587598
100001678174706
100002830858537
100004557704557
100007731250383
100008015130247
41105271
100007207932700
100006436057753
100005117021954
100006195273748
25811591
100003716323124
100009982573564
100003395734954
100003858219673
100009923502197
100007697885991
100007361292297
100003917846049
100008454876638
100002532348461
100006457653012
94602662
100003883132725
100009392000986
100001678315468
100006546631534
100009296496102
100006342666616
23407412
100006260135898
100004707243559
100003363768249
100003140597009
100005773956162
100009906104271
100009457105608
100002642744002
100009236611941
100009603934400
100003357122003
100003068512001
25523129
100008195175401
100002409684797
100006559145299
100008978713948
100002441138399
100009605177351
100002028316733
100003339063285
100001972366984
100002830928616
100003313781544
100009712058835
100004661949094
100008375348281
100001354587263
100007456953179
100005054774475
2702132
100001175382283
18407174
100004059307907
100001729831071
100001325735281
100007913284240
100003895512274
100007097172097
100006637094307
100007223744676
100004471094454
100003331970040
100005816954585
100003578788585
23303942
100005331226967
100008503743486
100002109920002
100001805780240
100007131336167
100003148573033
100008490376204
100005828623502
100005296057277
100005149478144
100002976057317
100005259666155
100001203027195
100004734044817
100004259568915
100007178764329
100002076917234
100001391419174
100009259031309
100004281491862
100002710502464
2338950
100008007996969
100006461126685
100005949275130
100004045424032
100005319252875
100005730011374
100002400660640
100004728974665
100001521035218
100008201868983
100002889782822
100002500071575
100002087408195
100003762209204
100007649790303
100007277589724
100006438337769
100003738619472
100005659069175
403110
100003136556908
100005992388548
100001957381119
100005590991927
100002377084754
100008027612893
100005964094636
100006485185942
100009549053216
100008677322375
100001047202429
100001625109534
1800444
109706
100009564998141
100006150937877
55600973
100009398986265
100004859806394
100007763592674
100007582143402
100004893458483
100003691821516
100006508000854
100004177545860
4282416
100004257547944
100004932553244
100008629320261
100005321566278
100002711689478
100006621811987
100009528858067
100002853995556
100007715642867
100005128575202
100005896030876
100006015820649
100004612231656
100002955045783
100003971373997
100004400436777
100006473556756
100005900223504
100006010440483
100006003377903
100009323166367
100001607390648
100009613994350
100006784653250
100002645295288
100003505173738
100005686572616
100009336808635
100001188343613
100009329942715
100004125605138
100007646773059
100008855629426
100003808927047
100009288340471
100002138291401
100005779241775
100007492808921
100005357440881
6805742
100003661711415
100009536786027
100009495124247
100006525810333
100009213342755
100006052869350
100006290802372
100007678398089
100009471098882
100004642129266
100009579704936
100004146616310
100006916295283
100008186715541
100006789031281
100008606436501
100002895562004
100002977069740
100001787454168
100002884831655
100009866583670
100006393017766
100007405863085
100009385420603
100009691920907
100004090806378
100002496614346
100005512232162
100005103670214
100009202372217
100009316706873
100007873660451
100009600816825
100008464571759
100002628686746
100009489144944
100006125132112
100004931175189
100004925389343
100002767749507
100005221425189
100003712072614
100002246929790
100009311499898
100007018933002
100007101781935
100008802764096
100002258277724
100008082975923
100006441882138
100009000461964
100005883452534
100003781646136
100009407196120
100002221322927
100004122635369
100008177147036
100002181463450
100002790543827
100008737350981
100004872183394
100009111866221
100002339805093
100008620294595
100003373350183
100002632876578
100008499973843
100007777246091
100007343791875
100005397003253
100003257865065
100008694287470
100009745568130
100006399317327
100006759994886
100003303808156
100003691890141
100004813937435
100005499106378
100007858426601
100007696367359
100001031608767
100004948961884
100002325313826
100006015936789
100003610208055
100004320826795
100001634256840
100003340886362
100007061559171
100002781697911
100006595990370
100008162642121
100004421077206
100003480116623
100002199434989
100001660398921
100002403657403
100004485189172
100001649886025
100003811654481
100008265992609
100008044424931
100003236540793
100007326452449
39502115
100005235708130
100008439528704
100008354377985
100005513029359
100005903413363
100001390376968
100008665535301
100006537008604
100009694238755
100002944859031
100006780017121
100005118402030
100005122771059
100005853457348
100003306835672
100001122124079
100002684687199
100003883283071
100002706679594
100003334208532
100006448840380
100005822405853
100006963939768
100008209892518
100002956949162
100003299323709
100003490038599
100007535828479
100004896376572
100001073106044
100004054220689
100005464217545
100001881431242
100007990741305
100002025414285
100004666816286
100006804858056
100003879699353
100009391803271
100005346751040
100001083170101
100009732270594
100005569184158
100005941545808
100003286453204
100003075145162
100007977817610
100002093738212
100003128076127
100006941235181
100009915072868
100001087378798
100009594502985
100004332406398
100003612883898
100008289764292
100008282434031
100009284001826
100006778063515
100005378111439
100002488740217
100001462924911
100003029941672
100006017955165
8613650
100005297537535
100002147134320
100004820385047
100002141690862
100007120149888
100004227577710
1909868
100009783191275
100003909666207
100005912974798
100009338899322
100001826470706
100009252811400
100007638285219
100004697923262
100006386827827
100007848966688
100003251920832
100001085613359
100008241904312
100006429553205
100004303532658
100002772371083
100007951388491
100001906712037
100007189455985
100003227491892
100007785151057
100006806850559
100006026028918
100004859522714
100003672363979
100005753328458
100004040712693
100005791693540
100006249905249
100005134003355
100002431313644
100007898291826
100001081197634
100006474758429
100008336437119
100001043837706
100009251097318
100006451177471
100007577025446
100005628780434
100005021192041
100007030516860
100003398710149
100007770429368
100007477022907
100008598247688
10723127
100008632300882
100001520996947
100009330676515
100002959902075
100003894115391
100007939330691
100002613274541
100008849322396
100005446600775
100007775584474
100002159472793
100002473148450
100007022298799
100003835543435
100009397068967
100003422462588
100006058353378
100003135154188
100007080457142
100003174138310
100003836196175
100008124972817
100004504067738
100007907296708
100002514028449
100002529088820
100002508408982
100003774492262
100007670616647
100003187539191
100005657354843
100002140483111
100002632271498
100008322962585
100002638314506
100004601237652
100006939516946
100006616062427
100008969435090
100003393675214
100005153859150
100002440132891
100009305217361
100007979951716
100007330062035
100007625580826
100009968199576
100003277016970
100003786541602
605165
100004152039817
100007354745980
100007899936778
100009438681374
100002676000146
100003152792182
100006433780655
10904456
100005736344238
100001010698266
100006476120101
100003893182689
100008620750079
100008814189629
100006332199762
100002616863474
100009925574961
100006073092359
100009374293904
100005738142552
100005057766072
100007376312271
100005111738266
100003062336078
100006232935767
100003313710680
100001288842869
100009155033834
100009444779917
100003957370312
100007013470011
100007203285833
100009222387865
100008513205426
100002544518260
100004634017729
100006415543409
100003497153890
100009983689325
100001704524231
100001556000466
100007711810057
100006005298681
100007399383794
100006745843762
100002191356601
100009187284931
100007568528920
100001260798924
100008351081046
100004916737872
100006501012184
100008866334080
100009452618112
100001361157750
100004954200136
100009605110502
100009478792573
100004190328765
100008391664843
100007407815850
100001331767973
100002608637442
100004005407119
100005463919183
100001601174315
100009490434573
100002294191021
100003745916172
100002751348620
100001740042926
100008443650545
100007258633996
100002373926265
100004986632437
100009387162333
100002925593512
100008446068794
100007867140282
23438457
100009642844619
100009975499078
100007839548781
100004933202955
100003038721905
100009588532231
100007885472583
58213800
100002245047673
100001917161206
100002087288783
100009418576529
100006961834191
12420126
100003489295985
100001500571876
100004595920494
100002670984932
100002463414853
100007184809105
100006294541804
100005782569801
100001212032688
100009240371104
100006284197375
100002875389720
100004376491416
100006282607548
100005409252281
100005730311043
100009567427800
100009132881560
100001703080876
100005269028984
100006681614418
100003063931482
100001489596875
100008187994784
100001301570006
100005248955906
100006200224423
100006780754850
17116359
100006179581181
100007169957699
2033229
100009757037764
100002162236492
100007999892836
100001423665977
100009626177562
100008141556770
100009705221733
100003980995935
100007383844082
100003101901978
100002725079067
100003610533292
100006632208538
100002726554256
100003604943110
100005169044146
100005070727548
100003861370703
100004820223356
100002737530107
100009754813726
100008519040417
100004482854493
100005414504902
100004424476337
100003338340598
100005066268092
100008090700371
100001524255581
100007482736667
100008571245232
8364512
100003507073985
100004970611633
100006847723731
100008207381894
100008351593581
100008386033455
100004046053931
100009771039596
100005698152658
100009141344955
100004385381017
100001030185161
100006780750902
100002340076821
100002121044485
100008488841395
100006028143639
100005246684277
100006762306583
100004569187070
100005046603822
100007607208602
100007010587973
100002888661599
100007286442201
100003877713057
100008374530367
100002658471777
100009377078964
12431041
100004489818164
100009880632163
100001259445873
100007956487811
100009604544368
100006751398758
100001347644487
100001123375632
100008319362929
100009058395063
100007781773010
100009535256142
100003006077793
100009052561978
100001894558308
100005288145953
100002318424737
100002933057310
100007851797463
100001928483316
100003527392564
100001486657575
100009268349217
100002048828935
100004993050737
100006482630229
100007363772575
100009490749612
100005055253346
100001564678838
100009535503456
100008049936514
100006592298913
100003588243669
100005669438364
100007943130600
100009265233678
100007921516234
100001984975415
100007650916569
100005133060146
100007712831327
100007345507981
100004595583889
100006180883156
100007497948894
100005205965580
100006143708177
100001168884457
100002682842612
100008948507502
100001352522548
100001088867254
100009504966634
100006938599069
100002953380627
100001885760092
100009122530051
100009120467049
100009971084986
100006806951469
100004209720683
100009481497628
100004089983160
100002439678366
100005313009904
100009256466026
100005883791249
100006228765104
100004367135347
100007403439317
100009517705709
100004527391683
100009597826718
100005927857267
100009175965422
100006907573322
100006215586654
100009198377458
100007356555133
100002790241597
100009183995543
100006439466941
100003318744164
100005116866236
100009312442936
100005449427202
100001597715010
100009999977903
100004896750360
100006430397805
100005554113634
100009591576562
100008673399204
100007627966719
100003956091863
100001104401274
100005700919473
100006473623018
100007454378603
100003390518644
100001744360960
100004065132352
100004718953008
100007785276082
100005400377493
100007862264156
100006741316723
100002722190419
100003487371343
100009392474857
100008647421798
100004181767250
60800297
100008982990649
100007077226926
100006442591023
100003936960909
100006722713679
100009013201981
100006972307808
41300916
100005625367381
100009125580606
100001246392210
100002867128743
100003370732494
100005722992686
100005722098452
100001612515071
100004712322954
100006136412100
100009306643202
100009915674720
100006712994906
100006445819409
100003516243851
100007641587441
100004036643700
100008159949159
100005898399424
100006465756516
100001882513730
100005442878810
100005133962633
100006870603995
100006792480442
100006644439352
100008750490902
100001871509324
100003545503040
100004992822755
100007236283415
100005478612272
100009139712182
100006981341094
100005550070168
58701537
100007494753097
100009894120067
100009530881301
100004334384194
100004413932985
100007435691556
100004168749233
100006477621164
100003613361227
100004473637720
100005192112282
100001583853196
100002385371745
100004419756882
100001605596046
100002506525404
100007963564668
100008025948680
100009265346807
100007552518127
100008030191948
100009824584488
100009380737537
100005622428341
100009620841542
100003047490062
100003004723367
100009806953349
100007769223965
100003485218416
100001876738459
100007521781063
100005004132146
100006530835307
100009748961086
100003237128421
100009587836193
100006204255376
100009269641690
100006433797326
100007815612603
100006922447136
100004690532751
100008370409334
100002621734754
100008437264900
100006896491556
100005379369854
100008342311078
100002548347545
100001278481991
100006011946902
100007168359745
100009329334882
100007308284414
100001297781167
100009637510174
100002203039664
100003736805475
100005433764356
1526290
100009292812749
100005739152166
100004188248577
100008112190750
100008467546073
100004516488131
100005636683633
100009782404151
100009434128361
100008430852469
100006642097822
100003974151898
100009743260032
52800464
100008313765506
100005857300412
100004746222591
100006626316379
100002587581974
100007238111423
100007546904783
100007737641704
100008735821801
100008000888039
100004517239123
100009123551676
100009266072562
100006036159539
100004424404661
100008361136170
100007513534864
100004030121601
100007457952807
100002364777898
100001651492047
100007473437704
100001169546632
16001518
100008290611309
100003013932040
100004880138990
100002290996650
100005415820437
100004640286773
100002044935354
100004070550388
100009053435291
100002719742556
100006240528399
100003789025831
100004599765727
100005191215742
100004198724895
100007889462952
100004870935116
100004315630326
100007210112065
100006990754465
100009764988090
100006959585143
100004821518810
100001243288401
100007011930107
100004762152233
100005840082860
100006567061381
100004662702525
100001867396425
100002514349796
100002482153756
100008919933279
100008634251517
100003828367837
100003297247108
100007467425749
100009407416241
100001219740745
100008300823131
100005922072541
100003179400040
100007141446559
100007500603554
100009745356092
100007692337171
100006178783615
100003927956289
100005525016157
100004333144505
100004902045818
100005223390779
100003122038896
12442131
100008341301841
100003872841835
100006963936880
100003088824475
100007997520887
100004721190889
100005409700783
100002939207442
100001521695816
100007074106933
100002829975394
100004090913361
100003716327635
100006470822225
100005974544600
100002605389910
100008219641974
100008539512929
100009959594759
100009700381757
100004927574241
100005463332045
100008050152193
100006649237295
100009660904922
100001830435216
100002428289055
100002991901947
100003036275669
100005288919694
100005835631745
100001238330676
100001760697235
100003920388853
100006197914737
100008811521478
100007436413025
100006597129569
100004262672665
100001926764531
100003912030190
32801333
100007592861814
100001853873912
100002931175531
100009543812318
100004401756272
100001330972540
100004856135356
100005978222924
100009465963055
100007440545238
100006432192709
100009900679147
100009278310760
100004789801699
100004724105735
100007827827948
100003724536477
100009148981981
100008142995609
100007689487726
100008186911161
100008281936519
100004316192917
100002914564742
100005189477267
100009542467811
100004260457049
100009754875768
100003240744588
100005801290999
100009117933554
100009407162684
100001961085992
100004997643234
100002387346504
100006317825878
100007558267405
100005041356245
36611157
100009375468074
100008718343308
100006939571559
100003173948654
100004885233269
100009960303174
100009602646354
100002280957722
100001558124195
100007497064103
100003132198538
100005250559099
100006856957574
100009104104606
100002790016215
100005034124029
100001962847829
100008659361871
100005428682337
100003009210776
100003579715411
100001378757892
100002681158457
100005176685556
100001332050522
100001332927528
100008922304288
100001690029491
100008263157703
100002158292761
100001339797571
100003628411992
100007063771430
100006218326544
100007579603422
100007226986302
100009627130418
100007703051037
100004849928186
100003571120793
100005360835415
100007380365484
100008822598214
100002429440932
43202905
100002439204572
100004603633519
100004020709383
100004196790546
100007330990854
100002934417244
100005116059994
100007817558720
100002916898101
100002005526250
100009169736720
100002930084832
100003774612988
100007445076642
100008386399146
20203850
100008904304915
100003547555329
100003123655710
100001961795215
100005506951031
100007537247241
100007467519610
100003102148328
100003276021794
100003675665314
100003747980577
100007126575043
100004964205128
100008551486941
100007132027593
100006529126678
100004378031001
100002396347757
100009156001618
100004462081476
100006468156297
32602204
100001759912524
100008204253281
100008492773122
100005943695114
34502127
100007724442558
100007898829993
100003887961779
36811093
100003177665149
100003609415824
100003279953631
100004602824130
100001012421711
100003755655441
100008992935119
100001587826465
100008387703093
100007631897436
100003485689973
10403038
100004850981820
100004937430988
100008037542642
100003818404755
100006994155926
100005069792473
100002392643685
100004147961816
100004622132237
100005745972002
100005273118628
100009774003402
100009935501611
100008137754899
100003515524686
100005679283145
100002607741750
100009059143565
100009056330628
100005650964384
100006528391743
100005241578786
100006614741517
100003758706298
100008624202923
100009148150199
100005919635955
100002593441886
100001317519534
100002044900853
100007384117700
100007948996477
100006429176756
100006712170054
100007515750786
100007745507042
100009914658609
100003735577014
100002407279230
100004937588407
100008415720303
100007226805089
100001547541151
100002964753705
100003788353935
100003509267122
100005111315625
100001514971444
100002690300901
6813032
100007553177242
100001104057118
100001529087595
100001990397284
100003605451467
100002821513650
100004649706479
100007625834710
3001475
100001197145889
100009120123579
100003252226522
100004670776476
100009915948497
100002008828427
100002783928432
100008801138547
100009225019693
100005965568762
100007729470354
100001782454878
100004567621463
100003360514134
100004705247258
100003112022333
100004960505103
100007926792634
100009441981052
100006578418044
100007085835246
100002872359046
100006488658617
100006557740660
100005429058685
100001992069950
100001441689731
100001286371980
100004326525356
100004859827998
100003874585800
100006862150160
100007585590252
100009762516912
100004928202959
100009957889357
100004133854436
100001464878178
100007789064041
100006464730249
100006944232058
100009343650689
100002011798043
100005794841039
100003396053572
100008085074062
100004535047868
100001652880126
100005748180943
100009780515053
100007126875936
100005817277509
100009182748617
100006902730150
100001663865403
100001474491453
100007395906883
100002053324339
100007090502451
100001150247488
100001139052742
100007414830661
100003653931143
100003078318883
100001596723010
100002465840667
100001215415874
100009568595223
100005342195438
100009933542435
100005833154122
100009378173365
100001040343507
100004665556329
100001120880365
100002046872599
100001607234888
100007970149030
100008993295980
100001225179850
100009648638853
100002529816404
100004904618412
100001251904271
100003359774701
100009327624071
100006517335986
100001151883091
100006823292297
100002078870711
100005616730019
100002032049424
100008163168208
100009010024704
100001520324693
100007110883870
100005707154657
100008421310148
100009909009127
39507255
100009787744405
100005785818603
100004741567699
100009908672252
100003216394971
100005219445538
100009967662733
100006375075429
100002016293032
100006239683271
100003974243815
100005732565016
100002455670588
100002142112732
100002344910587
100008489674280
100005464717765
100007056606616
100007289288855
100007721296638
100009810577373
100009099832491
100005705316030
100004564120745
100004226164476
100007265911177
100006637153197
100007269137318
100003476776892
100004364988779
100003161856090
100004940945687
100009751393675
100005389445443
100008364963340
100001054474225
100001769123564
100008846173172
100007874651967
100004085502087
100007030931438
100008788367730
100006657761344
100005364785857
100005641026071
100007150542418
100006785612581
100003987639427
5731176
100008443818287
100002408204465
100008009233598
100009904335758
100008124273645
100002766858404
100005463458612
100004307315896
100005126867078
100006551354143
100004421053629
100007665613849
100004148865750
100003868214932
100009116207290
100006507811304
100009652245631
100004068587845
100008818603567
100008664463460
100006332259372
100003531345511
100003506954274
100006735678963
100005847068504
100005366761948
100006496758975
100002264378737
100002029245811
100005772101956
100008953384979
100009352875466
100009000936719
100007911516137
100006513885585
100006449741997
100005624464988
100008940030101
100005846316541
100007305180184
100005199137487
100005076438787
100001775721824
100004305246662
100008165348618
100008234749436
100002253396277
100008050482305
26706293
100003002692964
100009542900099
100009038786201
100002489206543
100002274205568
100003633637407
100007770096756
100003115714571
100002130102290
100007502711760
100004797764347
100002989097587
100008244068689
100001885327799
100001565613328
100003730277885
100007785150173
100005858464457
100006822284322
100001505745579
100003105381989
100001754177019
100006098148206
100001516573824
100009485962022
100008253093411
100006475628533
100006310083224
100008770024732
100008883975602
100005360435008
100003886452536
100005857087051
100009155280356
100009700020529
100002268250242
100002741088635
100009582433937
100005644200188
100001268061682
100006749477645
100006602011473
100003696003344
100003890607197
100005315980026
100009922036372
100002890506740
100002359714409
100001477016900
100008096140253
100002539248053
100005282205252
100009507993406
6413401
100002742439804
100001055089819
100006025546592
100009888571199
100004003946800
100003716065711
100007311664516
100004988654038
100001870535573
100009439828708
100004510782523
100007367972737
100007064535962
100003909482968
100006444915834
100009926315011
100006946500238
100002419142151
100006773149486
100008536727445
100005937125215
100007794434063
100003973854733
100001083737781
100005134877161
100003707020978
100003230044698
100004920732409
100006513166016
100009384351873
100004096566644
100007761648657
100008066314669
100001655857397
100005279820714
100009175832384
100003503862810
100001907708385
100006350251198
100002306933050
100008035685040
100001334724642
100004266601407
100001665711922
100007881494406
100005966381938
